0.000000000000000000e+00
2.040816326530612429e-03
4.081632653061224858e-03
6.122448979591837287e-03
8.163265306122449716e-03
1.020408163265306214e-02
1.224489795918367457e-02
1.428571428571428700e-02
1.632653061224489943e-02
1.836734693877551186e-02
2.040816326530612429e-02
2.244897959183673672e-02
2.448979591836734915e-02
2.653061224489796158e-02
2.857142857142857401e-02
3.061224489795918643e-02
3.265306122448979886e-02
3.469387755102040782e-02
3.673469387755102372e-02
3.877551020408163962e-02
4.081632653061224858e-02
4.285714285714285754e-02
4.489795918367347344e-02
4.693877551020408934e-02
4.897959183673469830e-02
5.102040816326530726e-02
5.306122448979592315e-02
5.510204081632653905e-02
5.714285714285714801e-02
5.918367346938775697e-02
6.122448979591837287e-02
6.326530612244898877e-02
6.530612244897959773e-02
6.734693877551020669e-02
6.938775510204081565e-02
7.142857142857143848e-02
7.346938775510204744e-02
7.551020408163265640e-02
7.755102040816327924e-02
7.959183673469388820e-02
8.163265306122449716e-02
8.367346938775510612e-02
8.571428571428571508e-02
8.775510204081633792e-02
8.979591836734694688e-02
9.183673469387755584e-02
9.387755102040817867e-02
9.591836734693878763e-02
9.795918367346939659e-02
1.000000000000000056e-01
